40.4585988898643;-3.61050076782703
 40.4585988898643;-3.61050076782703
 40.4585988898643;-3.61050177365542
 40.4585988898643;-3.61050311475992
 40.4585999102773;-3.61050445586443
 40.4586009306903;-3.61050680279732
 40.4586019511032;-3.61050948500633
 40.4586019511032;-3.61051082611084
 40.4586027164128;-3.61051216721535
 40.4586027164128;-3.61051317304373
 40.4586027164128;-3.61051451414824
 40.4586037368257;-3.61051719635725
 40.4586037368257;-3.61051853746176
 40.4586047572386;-3.61052088439465
 40.4586047572386;-3.61052356660366
 40.4586057776515;-3.61052591353655
 40.4586057776515;-3.61052993685007
 40.4586067980643;-3.61053228378296
 40.4586075633739;-3.61053496599197
 40.4586075633739;-3.61053865402937
 40.4586085837868;-3.61054133623838
 40.4586096041996;-3.61054502427578
 40.4586096041996;-3.6105490475893
 40.4586106246123;-3.61055139452219
 40.4586113899219;-3.6105540767312
 40.4586113899219;-3.61055642366409
 40.4586124103347;-3.61055910587311
 40.4586124103347;-3.610561452806
 40.4586134307474;-3.61056413501501
 40.4586144511602;-3.61056681722403
 40.4586154715729;-3.61056782305241
 40.4586154715729;-3.61057050526142
 40.4586162368824;-3.61057318747044
 40.4586172572951;-3.61057553440332
 40.4586172572951;-3.61057821661234
 40.4586182777078;-3.61057955771685
 40.4586182777078;-3.61058190464973
 40.4586192981204;-3.61058324575424
 40.4586192981204;-3.61058559268713
 40.4586203185331;-3.61058693379164
 40.4586203185331;-3.61058827489614
 40.4586203185331;-3.61058961600065
 40.4586203185331;-3.61059095710516
 40.4586203185331;-3.61059330403805
 40.4586210838425;-3.61059598624706
 40.4586210838425;-3.61059833317995
 40.4586221042551;-3.61060101538897
 40.4586231246677;-3.61060470342636
 40.4586241450803;-3.61060872673988
 40.4586241450803;-3.61061107367277
 40.4586251654929;-3.61061375588179
 40.4586259308023;-3.61061610281467
 40.4586259308023;-3.61061878502369
 40.4586259308023;-3.6106214672327
 40.4586279716274;-3.61062381416559
 40.4586279716274;-3.61062649637461
 40.4586289920399;-3.61062783747911
 40.4586289920399;-3.61062884330749
 40.4586289920399;-3.610630184412
 40.4586289920399;-3.61063286662102
 40.4586289920399;-3.61063420772552
 40.4586289920399;-3.61063521355391
 40.4586289920399;-3.61063655465841
 40.4586289920399;-3.61063789576292
 40.4586300124524;-3.61063923686743
 40.4586300124524;-3.61064158380032
